y[00] = +3.0000000000e+00
y[01] = -1.5000000000e+00
y[02] = -3.7500000000e+00
y[03] = +1.1250000000e+00
y[04] = +5.6250000000e-01
y[05] = +2.8125000000e-01
y[06] = +1.4062500000e-01
y[07] = +7.0312500000e-02
y[08] = +3.5156250000e-02
y[09] = +1.7578125000e-02
y[10] = +8.7890625000e-03
y[11] = +4.3945312500e-03
y[12] = +2.1972656250e-03
y[13] = +1.0986328125e-03
y[14] = +5.4931640625e-04
y[15] = +2.7465820312e-04
y[16] = +1.3732910156e-04
y[17] = +6.8664550781e-05
y[18] = +3.4332275391e-05
y[19] = +1.7166137695e-05
y[20] = +8.5830688477e-06
y[21] = +4.2915344238e-06
y[22] = +2.1457672119e-06
y[23] = +1.0728836060e-06
y[24] = +5.3644180298e-07
y[25] = +2.6822090149e-07
y[26] = +1.3411045074e-07
y[27] = +6.7055225372e-08
y[28] = +3.3527612686e-08
y[29] = +1.6763806343e-08
y[30] = +8.3819031715e-09
y[31] = +4.1909515858e-09
y[32] = +2.0954757929e-09
y[33] = +1.0477378964e-09
y[34] = +5.2386894822e-10
y[35] = +2.6193447411e-10
y[36] = +1.3096723706e-10
y[37] = +6.5483618528e-11
y[38] = +3.2741809264e-11
y[39] = +1.6370904632e-11
y[40] = +8.1854523160e-12
y[41] = +4.0927261580e-12
y[42] = +2.0463630790e-12
y[43] = +1.0231815395e-12
y[44] = +5.1159076975e-13
y[45] = +2.5579538487e-13
y[46] = +1.2789769244e-13
y[47] = +6.3948846218e-14
y[48] = +3.1974423109e-14
y[49] = +1.5987211555e-14
y[50] = +7.9936057773e-15
y[51] = +3.9968028887e-15
y[52] = +1.3322676296e-15
y[53] = +1.3322676296e-15
y[54] = +1.3322676296e-15