y[00] = +1.0000000000e+00
y[01] = -2.3333333333e+00
y[02] = +3.7777777778e+00
y[03] = -3.2592592593e+00
y[04] = +2.0864197531e+00
y[05] = -6.9547325103e-01
y[06] = +2.3182441701e-01
y[07] = -7.7274805670e-02
y[08] = +2.5758268557e-02
y[09] = -8.5860895189e-03
y[10] = +2.8620298396e-03
y[11] = -9.5400994654e-04
y[12] = +3.1800331551e-04
y[13] = -1.0600110517e-04
y[14] = +3.5333701724e-05
y[15] = -1.1777900575e-05
y[16] = +3.9259668582e-06
y[17] = -1.3086556194e-06
y[18] = +4.3621853980e-07
y[19] = -1.4540617993e-07
y[20] = +4.8468726644e-08
y[21] = -1.6156242215e-08
y[22] = +5.3854140716e-09
y[23] = -1.7951380239e-09
y[24] = +5.9837934129e-10
y[25] = -1.9945978043e-10
y[26] = +6.6486593477e-11
y[27] = -2.2162197826e-11
y[28] = +7.3873992752e-12
y[29] = -2.4624664251e-12
y[30] = +8.2082214169e-13
y[31] = -2.7360738056e-13
y[32] = +9.1202460187e-14
y[33] = -3.0400820062e-14
y[34] = +1.0133606687e-14
y[35] = -3.3778688958e-15
y[36] = +1.1259562986e-15
y[37] = -3.7531876620e-16
y[38] = +1.2510625540e-16
y[39] = -4.1702085134e-17
y[40] = +1.3818442411e-17
y[41] = -4.4416422036e-18
y[42] = +1.2337895010e-18
y[43] = -2.4675790020e-19